state={
	id=2
	name="STATE_2"

	history={
		owner = USA
		add_core_of = USA
	}
	provinces={
		6 9 91 201 226 337 578 665 668 826 1024 1026 1046 1087 1115 1515 1575 1595 1642 1899 2020 2061 2166 2167 2223 2254 2262 2291 2416 2425 2469 2497 2532 2542 2809 2868 2950 2989 3131 3165 3302 3349 3395 3489 3602 3612 3616 3647 3665 3687 3695 3738 3845 3869 3894 3913 4002 4160 4248 4284 4520 4682 4693 4704 4740 4807 4911 4933 5127 5140 5379 5496 5499 5539 5551 5741 5771 5895 5991 6007 6048 6124 6156 6173 6269 6270 6303 6393 6398 6497 6502 6541 6649 6684 6763 6792 7094 7096 7101 7109 7115 7117 7127 7132 7133 7137 7139 7143 7146 7147 7152 7154 7159 7161 7165 7168 7169 7171 7173 7179 7182 7184 7186 7196 7197 7199 7204 7205 7206 7208 7210 7211 7212 7214 7219 7225 7236 7237 7242 7243 7250 7262 7264 7267 7270 7283 7284 7292 10345 10346 10347 10348 10350 10352 10355 10359 12938 12939 
	}
	manpower=0
	buildings_max_level_factor=1.000
	local_supplies=0.000
}
