state={
	id=3
	name="STATE_3"
	provinces={
		30 90 117 133 184 195 283 366 372 449 459 485 502 524 624 674 694 695 777 925 957 1012 1016 1110 1208 1438 1518 1585 1776 1860 1877 1907 1911 1962 1991 2091 2111 2270 2301 2308 2333 2351 2520 2568 2579 2618 2643 2736 2848 2958 3047 3138 3178 3301 3433 3456 3561 3598 3662 3777 3862 3909 3923 3964 3995 4027 4280 4325 4355 4377 4416 4714 4782 4986 5061 5076 5114 5130 5148 5165 5181 5199 5419 5433 5453 5623 5754 5756 5862 5944 5978 6074 6079 6154 6174 6184 6245 6595 6633 6740 6759 6797 6807 7229 7263 7266 7273 7278 7281 7286 7287 7293 7298 7303 7308 7316 7317 7321 7323 7331 7336 7338 7344 7348 7353 7354 7355 7359 7368 7373 7379 7391 7401 7402 7435 7436 7454 7474 7492 7494 7501 7503 7508 7516 7538 7564 7612 12996 12997 12998 
	}
	manpower=0
	buildings_max_level_factor=1.000
	local_supplies=0.000
}
