state={
	id=4
	name="STATE_4"

	
		history={
		owner = ANA
		}
		
	provinces={
		55 81 123 129 135 169 179 230 367 387 414 510 513 533 595 649 657 697 867 897 915 918 978 984 989 1001 1176 1271 1311 1316 1444 1463 1464 1470 1481 1553 1578 1601 1604 1613 1617 1630 1649 1664 1708 1715 1725 1743 1787 1823 1831 1851 1863 1943 2075 2079 2124 2143 2146 2149 2152 2175 2195 2199 2269 2274 2280 2293 2312 2336 2380 2441 2466 2476 2496 2539 2540 2548 2616 2619 2645 2653 2663 2675 2701 2738 2746 2821 2825 2891 2982 2990 3005 3015 3017 3053 3065 3100 3126 3145 3146 3161 3166 3190 3197 3232 3317 3354 3381 3393 3473 3478 3480 3485 3493 3512 3514 3526 3636 3638 3691 3708 3712 3715 3720 3726 3728 3729 3742 3754 3779 3797 3834 3863 3868 3896 3924 3926 3936 3975 4025 4062 4066 4111 4149 4180 4226 4236 4265 4272 4290 4291 4299 4318 4374 4391 4406 4485 4487 4519 4537 4548 4556 4583 4602 4613 4652 4659 4661 4698 4699 4722 4723 4724 4821 4854 4855 4861 4876 4905 5004 5044 5046 5120 5146 5150 5159 5170 5187 5204 5208 5217 5220 5222 5236 5241 5242 5244 5270 5316 5324 5331 5336 5351 5401 5402 5409 5485 5515 5540 5548 5601 5605 5625 5644 5692 5705 5776 5781 5786 5820 5827 5848 5864 5866 5869 5900 5930 5962 5969 6151 6159 6166 6176 6212 6221 6263 6282 6338 6353 6449 6511 6512 6521 6548 6596 6603 6611 6644 6667 6696 6707 6711 6737 6779 6790 6801 6810 6833 7616 7656 7657 7695 7701 7739 7780 7790 7815 7826 7861 7899 7900 7906 7920 7928 7940 7943 7977 7986 7988 7998 7999 8003 8029 8040 8043 8066 8071 8084 8097 8109 8113 8118 8134 8146 8156 8159 8162 8172 8176 8177 8206 8214 8215 8224 8231 8235 8236 8237 8247 8255 8256 8258 8259 8288 8306 8309 8313 8318 8335 8367 8368 8384 8409 8412 8422 8424 8439 8452 8457 8464 8483 8485 8509 8512 8513 8516 8527 8544 8575 8586 8587 8595 8604 8615 8618 8662 8680 8697 8736 8776 8780 8781 8802 8807 8829 8830 8843 8863 8865 8889 8894 8895 8913 8921 8925 8934 8935 8943 8944 8948 8952 8954 8965 8974 8978 8991 8995 9004 9019 9031 9037 9044 9051 9061 9062 9068 9091 9099 9100 9124 9148 9149 9155 9167 9182 9184 9203 9229 9232 10394 10395 10396 10397 10398 10399 13002 13014 13019 13027 13029 13033 13048 
	}
	manpower=0
	buildings_max_level_factor=1.000
	local_supplies=0.000
}
